0010
0011
0012
0013
0014
0015
0016
0017
0018
0019
001X
0030
0031
0032
0033
0034
0035
0036
0037
0038
0039
003X
0050
0051
0052
0053
0054
0055
0056
0057
0058
0059
005X
0070
0071
0072
0073
0074
0075
0076
0077
0078
0079
007X
0090
0091
0092
0093
0094
0095
0096
0097
0098
0099
009X
0110
0111
0112
0113
0114
0115
0116
0117
0118
0119
011X
0130
0131
0132
0133
0134
0135
0136
0137
0138
0139
013X
0150
0151
0152
0153
0154
0155
0156
0157
0158
0159
015X
0170
0171
0172
0173
0174
0175
0176
0177
0178
0179
017X
0190
