0191
0192
0193
0194
0195
0196
0197
0198
0199
019X
0210
0211
0212
0213
0214
0215
0216
0217
0218
0219
021X
0230
0231
0232
0233
0234
0235
0236
0237
0238
0239
023X
0250
0251
0252
0253
0254
0255
0256
0257
0258
0259
025X
0270
0271
0272
0273
0274
0275
0276
0277
0278
0279
027X
0290
0291
0292
0293
0294
0295
0296
0297
0298
0299
029X
0310
0311
0312
0313
0314
0315
0316
0317
0318
0319
031X
0330
0331
0332
0333
0334
0335
0336
0337
0338
0339
033X
0350
0351
0352
0353
0354
0355
0356
0357
0358
0359
035X
0370
0371
